{
  "transitLine": "LRT-2",
  "stations": [
    {
      "code": "PL01",
      "name": "Antipolo"
    },
    {
      "code": "PL02",
      "name": "Marikina"
    },
    {
      "code": "PL03",
      "name": "Santolan"
    },
    {
      "code": "PL04",
      "name": "Katipunan"
    },
    {
      "code": "PL05",
      "name": "Anonas"
    },
    {
      "code": "PL06",
      "name": "Cubao"
    },
    {
      "code": "PL07",
      "name": "Betty Go–Belmonte"
    },
    {
      "code": "PL08",
      "name": "Gilmore"
    },
    {
      "code": "PL09",
      "name": "J. Ruiz"
    },
    {
      "code": "PL10",
      "name": "V. Mapa"
    },
    {
      "code": "PL11",
      "name": "Pureza"
    },
    {
      "code": "PL12",
      "name": "Legarda"
    },
    {
      "code": "PL13",
      "name": "Recto"
    }
  ],
  "fares": {
    "storedValueCard": [
      [0, 16, 18, 21, 22, 23, 25, 26, 27, 29, 30, 32, 33],
      [16, 0, 15, 18, 19, 21, 22, 23, 24, 26, 28, 29, 31],
      [18, 15, 0, 16, 17, 19, 20, 21, 22, 24, 26, 27, 28],
      [21, 18, 16, 0, 14, 16, 18, 19, 20, 22, 23, 25, 26],
      [22, 19, 17, 14, 0, 15, 16, 18, 19, 20, 22, 24, 25],
      [23, 21, 19, 16, 15, 0, 15, 16, 17, 19, 20, 22, 23],
      [25, 22, 20, 18, 16, 15, 0, 15, 16, 17, 19, 21, 22],
      [26, 23, 21, 19, 18, 16, 15, 0, 14, 16, 18, 19, 21],
      [27, 24, 22, 20, 19, 17, 16, 14, 0, 15, 16, 18, 19],
      [29, 26, 24, 22, 20, 19, 17, 16, 15, 0, 15, 17, 18],
      [30, 28, 26, 23, 22, 20, 19, 18, 16, 15, 0, 15, 16],
      [32, 29, 27, 25, 24, 22, 21, 19, 18, 17, 15, 0, 15],
      [33, 31, 28, 26, 25, 23, 22, 21, 19, 18, 16, 15, 0]
    ],
    "singleJourneyTicket": [
      [0, 20, 20, 25, 25, 25, 25, 30, 30, 30, 30, 35, 35],
      [20, 0, 15, 20, 20, 25, 25, 25, 25, 30, 30, 30, 35],
      [20, 15, 0, 20, 20, 20, 20, 25, 25, 25, 30, 30, 30],
      [25, 20, 20, 0, 15, 20, 20, 20, 20, 25, 25, 25, 30],
      [25, 20, 20, 15, 0, 15, 20, 20, 20, 20, 25, 25, 25],
      [25, 25, 20, 20, 15, 0, 15, 20, 20, 20, 20, 25, 25],
      [25, 25, 20, 20, 20, 15, 0, 15, 20, 20, 20, 25, 25],
      [30, 25, 25, 20, 20, 20, 15, 0, 15, 20, 20, 20, 25],
      [30, 25, 25, 20, 20, 20, 20, 15, 0, 15, 20, 20, 20],
      [30, 30, 25, 25, 20, 20, 20, 20, 15, 0, 15, 20, 20],
      [30, 30, 30, 25, 25, 20, 20, 20, 20, 15, 0, 15, 20],
      [35, 30, 30, 25, 25, 25, 25, 20, 20, 20, 15, 0, 15],
      [35, 35, 30, 30, 25, 25, 25, 25, 20, 20, 20, 15, 0]
    ]
  }
}
